-1.104329100000000022e-02
-1.180281650000000043e-01
-1.214355119999999955e-01
-1.217891079999999931e-01
-1.226248900000000003e-01
-1.228802150000000010e-01
-1.231037360000000053e-01
-1.239432540000000027e-01
-1.237263430000000025e-01
-1.191276549999999990e-01
-1.190722480000000000e-01
-1.190149590000000035e-01
-1.200748110000000035e-01
-1.197923179999999949e-01
-1.276903530000000064e-01
-1.271767699999999945e-01
-1.209605269999999982e-01
-1.210417859999999984e-01
-1.197489729999999947e-01
-1.203507540000000042e-01
-1.204175329999999933e-01
-1.203320900000000027e-01
-1.222088239999999937e-01
-1.218234839999999958e-01
-1.322682809999999876e-01
-1.198008400000000057e-01
-1.210678429999999944e-01
-1.293440529999999866e-01
-1.219158669999999972e-01
-1.209658359999999933e-01
-1.210382019999999975e-01
-1.264263499999999929e-01
-1.271201889999999946e-01
-1.279013390000000028e-01
-1.189457069999999977e-01
-1.235752150000000021e-01
-1.234516090000000038e-01
-1.229725499999999999e-01
-1.228100359999999974e-01
-1.225069039999999998e-01
-1.212128489999999975e-01
-1.213516010000000034e-01
-9.672061999999999327e-02
-1.223116900000000007e-02
-1.203008119999999931e-01
-1.212241349999999968e-01
-1.223201029999999995e-01
-1.224735920000000061e-01
-1.229152369999999966e-01
-1.229364490000000032e-01
-1.240366370000000051e-01
-1.237662239999999941e-01
-1.191049589999999964e-01
-1.190161780000000002e-01
-1.256564699999999923e-01
-1.257755500000000137e-01
-1.219503950000000031e-01
-1.247231990000000068e-01
-1.214286579999999949e-01
-1.206589889999999943e-01
-1.228065069999999953e-01
-1.220529800000000054e-01
-1.195100099999999999e-01
-1.207116839999999997e-01
-1.250785160000000007e-01
-1.221186179999999982e-01
-1.254506469999999985e-01
-1.206569700000000023e-01
-1.195283030000000024e-01
-1.195330030000000000e-01
-1.219641709999999962e-01
-1.291510469999999910e-01
-1.212952719999999956e-01
-1.248118819999999990e-01
-1.246989619999999965e-01
-1.261559389999999947e-01
-1.262131039999999926e-01
-1.246466209999999991e-01
-1.188997549999999959e-01
-1.190756149999999958e-01
-1.187250920000000043e-01
-1.241884679999999963e-01
-1.242388049999999938e-01
-1.235723920000000031e-01
-1.233267450000000015e-01
-8.057921799999999413e-02
-9.676469999999999516e-03
-1.103392400000000051e-02
